001111011110110001010100100101
100000110101001010100110010101
110111000101011010101001111100
011101010110100100000001010000
100101001101110110111000101011
010100010000100110000111100100
010010101101010001111010000101
101100100001001101000110100001
000001011000101000111111101101
110111111000111001100101011000
010111110010001001000110111110
101100111000101010101001111011
100010110110000110000101101001
010100100001101000000001011100
010000001000110010101010111010
011001110101101001000100111011
111001110010100101100001010011
100111001101101110001001010011
110110110001001001001011110000
100110000000110110001001101001
000111010111001010110110001010
100001110011110011101100111001
101010110111101110100010101011
110010100100111101011111010100
101111000011100111110111101001
001100011110001000010001010101
010001100000000010101111000100
110111111100101000000010110011
011010110000010100100110010110
010100111101101100011100001110
110100111111111000001010001100
010111110001001110111101110101
110011111010000111110001010000
111101110101111101000110000000
110010101110001011100111011001
000000111110100011011110100111
100001001010011010101110100010
100001010001111011011011111100
001010001100000000001100011101
101011110100000100100101011101
011101100001110111000011011110
100101111111101000100011101010
110100010110111011000111110001
111111111001001101110111101111
110100010010101011111000000001
110110100010111111011110001101
111001011110010100101110101010
101100000000011000111101110010
100111111100111100110011000101
000000101100001000000010101111
011011010101110100110010001101
110110001111100100011110011110
100101110011011100000011001100
101011110110110110011101110001
111001010010011011000010101100
111100110101110111111011000011
110110010010000111101010111010
000110101000000100000010101000
011101101100010101010001101111
111101010001010011100010110010
011110001011001000110100101011
110100001011101100100001000000
100010000001101101101110000101
010000111010000011110001001000
100011011011110010111000011011
000001001001010111001000111111
111111011001101101111110011111
010111110011010001101010101100
111011100100000010000011000011
010000110111101100011100110011
001011000100010001111010001001
010001100111111101000110100001
101011001000001000011000110000
110110000010110110111101110001
110101100111011101011010001101
011111110111001100000100011000
100100110100100001111010000010
000011110100100001011101100011
010010111110011111101101010001
011110111110101111000011111110
000101110000010110111010010001
011110001011010110110011100011
000001100100011110101111000101
100001011010010110010101010101
100001000011010110110111100011
111001101001000101011000001100
101100110001010101011110001101
010011100010101111011001101110
100010000100000011111100100010
101000011001110110100100011010
110111010100111111101000010001
001110111011110100001011010110
101111001010101011011011101101
010111111110101011000111101110
010001000110000000100101110011
010011111111110010100100000001
101100000001101100001011100110
111111111110001000100011110101
111100100001000001101011111111
011100110100101000001111101111
101010100101001100001001010011
110001010011010000100101001001
100011011011010110010111010101
010100101011101101000000100100
101010101101011100101010001100
010001110010001111001100101111
100111011000001110000011010110
100010000000100011001101101100
011001001011111011100000110010
101100010010000100001011111010
111010010101000010111110111100
100100010111011111111111110001
100110001100100111111010000011
101001010101100011011110100110
001100000001100100001111101000
001111011101110111110111001101
110100110101100100000010100001
110110011001010101001111010111
110010111010100110101000111100
111101011110100111001111110110
110001110101001011010100010101
011101011001111001011100100010
001110110001011111011000011001
011001110101000101111111001110
110110101010110010001110101011
001011010100011111010110010001
101101010101010011001101101001
011011100011000110111010100111
110000001100010000001011001010
110100100111100100100010000101
110100101011111010111001000010
110100000111110010100000100000
101110101011011111010000100011
100110111100101000100011110100
110000110000010011001101110001
011010011001111000000100100100
011111010100111100011010101001
100101110001000101010101001001
111111100010110110010000001110
000010001011100010110101110101
110101010101110101110011101100
100001000010010110010011001110
001011100000111001101101000100
110100110110100111000110000110
101011110001000011110000011111
000100111001010001100101011000
111111000010100010101111010101
101101000010111011001100101011
001100110010100011011001001100
101000001110101111010011001010
011111111001110010001110001001
110001111110000110111010101100
110001010010101101111000111110
111101100011101111001000011010
110001011100011110000100000011
000100000000110111001110010111
100010011101101011011000011000
000111111100000000101100010101
110000100000001010011111010000
011111000011111110101110111100
111101110101011111010010010001
011101100111010001110010010100
100111000111000100010001010111
011000010101011000100000000010
011010010101111011001111101100
001110001100000110010111100111
100101110100011011010111001101
011101111111010111111101101100
001110100100000010011111000100
000001111010111101100100100011
010001010011001011001111100000
011001000100110001011010010001
011101000100110001111010100100
000110000001111110000101111110
001101110001101011000011110011
000000001110010010010011100001
100011011010111110000001010110
111101000101111100111100111111
000110100000101000000011000100
110100101000011011011100101111
010101010010111001001110011110
110010010100010101010001111000
111100000111000001100100101100
010000011111111111101101001110
111101010000101111011010010100
000101101001110010000000100101
101100001010010111111110110010
010100110110000100100001111101
101101010001101010101010010100
100100010100001001111101100101
001011110110010101011100011001
000100011001000001000010100001
000010011110100010010110110000
000011000011010000101000010001
011100001001110100100000111000
111010110101000010000011011010
110111101110001001100100010000
000110001001101001110000101111
100111001001010100010001011001
111011111110001101110011101110
101011010000101011100110111001
011111011001000000011101000100
100101100110101010100100001111
000010101010110000101101001010
001010010110110001101001010000
001111011101100001010011111111
001000010000100000001000100000
111101000111100001001010101110
010111110101000001100100010010
001000010110110111000011101100
011010010110111101010110100110
100110011110010101011110111110
110101101111011000111101001100
000011001101000111000101110110
100010001011111111110101100101
110110010111111101111110110011
010100001100111111011110001010
001001010000010100110111010110
000001011001011011110100000100
110111111000101001010100000011
111011100011011101001000011101
000110001111000110101011100111
100000111101111010100101010101
001001111000110011010011110001
010001001011000011110111000110
101000011000101001100011101110
000110110001101011101110100011
111111000011011001001011001000
001111011001000110011011110011
111111101011100101010010110100
010000100111000000100100101010
001110101100010100011011111000
010101010000001110010101011000
001010000011110011010000010100
001111010011010100011001000100
110101001101101110000001001100
011100100000010111010000010111
110010111111111000010111011110
100011001001011000110110000101
100110110011111001011110011010
011111100110010011101001011000
001010101000011001011010101001
010001010000001011011000000110
110110000001110011000111010010
111111000001001101000000100000
111110011010111011000110100110
001110000110001011101111001010
101011101100110100100101111010
100010100101010011010100011000
001000111010010110111111101110
001001111100010001100101011000
011101001101010101101101000010
110000111001100101100111101011
000100010100100010110000011110
000110101100001010100111111100
001111001110110000110111010000
101011000011100011001001000010
010110111100110101011110010011
010101110110101111010101111111
010001011110110010111101011100
110110011010011111000010100011
111110000111000110100110101110
100000011110110101011101100111
010001010110101010011110010010
010000101011100010000001110110
010101001110101101011101001100
001011010110001010001100110001
000010000111011110110001110000
110111010000100001110010111000
101111010111010010010110010010
110001001001001010001011011010
001001100011100010000110101101
001101010000001000010000111001
100110000010100101100011111101
000010000001001011111011110001
101100011010101011100111101011
001000100100001010101101101011
110001011101100010011110111100
001000110011011000010100110010
100000010010000101101011000001
010011111000000100010011111110
100001110010001000111011000000
000100111001111111000010101101
111101110010111100001110100000
010111110110100001011100011111
000111101011111001010111010000
000001001110111110110111100001
000100110001110101111100100110
010001010000010000101110100110
001110110100111110111010101101
001111010101000000111101010100
100101101101110110011000111011
101100111110001000101000101010
111111010001100100110000010111
000111000100010110001110010101
111011101100011110111000011110
000000011001110000001000000110
011000100111100101000100011000
101101101111100000101100101010
001010110110110001001000110010
101101010111110001000110011100
001011010011101101111011111111
000000000011000101001011000010
011100010010100110111001011111
111110101110001110001010011100
011010000100110000100110011011
101001110001000111111010110001
100101101010010110001010000011
110010101110111101000001001110
011010101010010111001011011111
101111001100100110101011001100
010011001100010010110101100100
101011001001001000110011001011
011110001011010011011101001010
110001001001011110001000011101
111011101110011000100011000011
110101001110010000000111111001
010100110101000010111010100010
000010011000010100100111011001
011001000111100000000111000111
011100010111100100100011010100
101101011001001011100100011111
001100101011101110110000110010
000000110001010100010001011110
101101000001100110100001010011
000101100111100111001001000011
010100010111010110001011101000
111110001101001110111011101110
001011011011100000001100001111
010111001101110000111110011110
001000100101000111101000110110
000101110110101001000000101100
110010101011011100100100100000
000001111000010100111101011010
111011000101010001111011111111
001000011110110101011000110100
000101010101100100100111001111
011000110111001010110000100100
100101010110111110111010010110
010001001010110011111111001010
000101011010100001000100000111
000010000100011111101111001101
010010110101111110101010111000
011110000101010101011011011110
001011000001000001001100101011
101011011000110011100110111111
000100000100011110111111101000
010100011101110110111010110011
110100010011010111101011110111
111011110001000100001001101010
111101001110000011000100010110
001111010010011110010111010001
011101111111101001101000000011
011010000101011101000011010101
010110000000001111100101000110
100011111000111010011000100110
110011001011000100111001101010
010011101000000100011001001010
100100010111011101100100100101
010000001000000000001001000111
000011011010010001111000100010
000111100100000111000000111001
111010110100000110101010001110
011111101101100001101111111001
011111011100001001101111001011
110000010100100010111111111101
100010110011010011000111011000
110010101101001110001010110001
000100011000001100010100110000
111000000001110010110101010110
011101000110011100001101001100
100000101100000111100111100111
010111011110100100111010011100
100011101100100010010011100011
100010000111101110111011111101
001000001101010001101011101110
101110000111010001001001001011
010111000001000011000000011001
110100011011010000100101010001
101001101000010011101010100101
110000110010000111010110000000
101111001110001010011101100001
000000011101101100111100011000
010100110000001000101110111100
001101101011011011010011000010
001001111100100101010001001001
100000011101010001011100011110
110111100010101001100101001110
011010000010001110110000100010
111100101010000110111110010101
010100011111001001000011101110
001100110111111010101000111101
100010001001111010001011110100
010111100011000000000101000101
001001000101001101101100101100
000101100001001110001010001010
100000110110100101010010010010
011100000010100101101111100010
011000011101011100000000001000
101011011100000011100011110001
111111111100000100101100111100
101011100101001100001010010110
001101110001000000100001101010
000010100000101010010011111110
110100011010011010110110011010
010110100110110110011001011110
100011111100101010100001011000
011101001001001010110101000110
010111101000001110011011010011
111011110101110001111111100101
100000000110110001001100011000
110011010101011100010111100001
001101111110111100001110010100
110111110000110111100010100110
001011000001011000011001101101
100000100011010110011010001110
011110011001110111001001110011
010011001110011001011000111001
011001110101001101000100001000
111101100011000010001010111111
110010111100111001001011000010
100101111110111001100100011001
011000000000100100011011110111
001010010111010001100010010001
111101000100100001000011111001
111110100101110110001101111101
001110111110001000010011100010
111100001111101011100100111100
001010110101111100111010110100
111111100111100001001110110001
111110001100100110010000111101
100100101110101011001101101000
000111011101011011101111010001
111011011000101101011100110011
001011101010011110010100111100
001000001001011111010110010001
101111110000010101001101100011
001000110111110100001100101111
111010110111001111110101101011
100110010100001111110100100011
011011010011011110011100011000
000110000101001011000010101000
111000101001001010110111111010
110111011011100110001101000110
100011101000010111011111100111
011000111010101100000111101100
111111111001010010110010101001
100110110010111111101010101001
101101110010101100011110000001
011010110111001111100001100110
101011111001001100100010101001
001011100100100000110100101010
011011010011100000111000110100
100101010010101111111010011100
101110011101101110001101010101
101100100010001101011110110100
001110111000101101011010111111
111011101001101011001100011011
101111010001111011000001011110
001111110111001110000010111010
100110101010100111101101111000
010111010101111100001111001000
011000011011101011011011001111
111100101101000111010010010101
000111111001000101110110000001
101011010000110011000101001101
011001010101101011101000010001
000011000001011001010101001110
010000011010110101011001100101
010111001000000011100110101001
101100110000011010011110010010
111001111001000000110110111110
010111111010110000101110100001
010000110111001011110110001101
111011001110100101011111101000
011000001100100001010110110010
011100011000011111011010111011
000100000110100111010100001111
100110001111110101111110000001
011010111110111100111101100110
110111010110010100000011101111
000100000000000101100001111100
110100111101100100111010110010
011101111011000000010001011011
000100110101100000111110010110
101010011101010111111101110110
011001100010110101010110000010
100100111100111110001011101000
101110110111101110100000000001
100000010010101011000000010010
110000111001111101010100010110
010100010100000001010010011001
001110010000010111111111011100
110101010001110100101111011100
111001100011010110100110111010
001111000011101011010001111100
010011100101011110000110111001
000100111111101011110111110111
010100100010011001100000010010
111100011111111011011000101100